1.087305590525141,0.2360778301095307,-0.06398923546219937
1.2659699404681775,0.37534458473739835,-0.26630397968425323
-5.117753779114855,4.581218313199561,13.220384358423203
-5.339467698272402,-2.9742317580927433,13.656257933122273
1.4354134582952458,0.03714688147403857,-3.1466369250506356
-1.0276633586296173,-0.6500188789546053,3.894343083905374
-6.359140806056471,-2.906329748176338,16.267615905988144
-5.341234429246554,6.115771178528894,14.093810048133433
-5.187245558994999,5.85989663672875,13.807008884879714
-5.457092742377009,-0.86064954356864,14.750039948142332
-8.39558970658628,-10.27431465627418,22.133638963821276
-5.139652517634405,-5.217128771766372,14.022067508545792
-4.829514368153556,5.756869259022655,13.371253980314192
-5.756687154851899,-4.850813242170401,15.059461561616411
-4.902984649051355,-4.556090823205939,13.489466957929373
-4.9785045054147385,6.054515925084146,13.863109166418921
-5.140788125700804,2.529985354120748,14.357584068625192
-3.2090287751469306,2.583841608651586,9.09818690431254
-4.085136047445399,1.7287661621377501,11.592524498980142
-5.263771299536423,-5.913262545248221,14.88697377088736
-4.806256127637148,-2.138255647753926,13.864977621497834
-4.916650715226711,-3.6276873607068967,14.093528953674436
-5.244019492230978,-6.622649480999568,14.948399870227927
-5.464804221263871,-6.842225469452434,15.59494481996525
-6.300953498527629,-9.415047507667273,17.921904196373433
1.7400327981111017,1.1629263211199954,-6.315910930000331
-4.7403273093348135,-4.156688038060949,13.754977757316123
-4.732332820295679,-4.26738229854854,13.712267564985442
-4.887902782233279,-5.007291045842987,14.255686753697244
-5.114031549795167,-6.429719988074931,14.924019386176127
-5.799077123721872,-8.274079465279586,16.863249689256666
5.555464013161699,8.24080684361029,-14.522094209667447
-4.695182998658523,7.16907061174149,14.14174675329239
-4.5824028004305255,-4.202367018383562,13.644165188574126
-4.805537190139776,-5.202456825663279,14.255921664051852
-4.410937235724455,5.736787625944208,13.362776966928253
-5.323621032451281,-7.2218594698993535,15.74886521198959
-4.8360029950859955,-5.708195263173639,14.414144425574502
-5.102219131553623,-6.442289600150349,15.198747860456162
-5.102219131553623,-6.442289600150349,15.198747860456162
-4.7334187814019435,-5.287207444959638,14.16062107474778
-4.842946563114228,-5.58915548848526,14.520477753092162
-4.720858906796676,-5.014983887298178,14.172552383020973
-4.535882646604922,4.1746990174946985,13.839323238480205
-4.473987765589186,4.136173738093277,13.68801730833342
-4.890820483958539,-5.618525995246778,14.761079317753008
-4.369282475084515,5.9140032721039,13.448470378664737
-5.646388920598525,-8.125390310828028,16.89173213942863
-5.1986491668376305,-7.028378723385795,15.70809760201396
0.9669856950580705,0.3825621174546528,-2.0800857778506114
-4.818733124680487,-5.754241272866407,14.710747853390565
-4.916256391161817,-5.98063740519718,15.048546591412792
0.8139605057161918,-0.00013975256278174198,-2.3031119816249728
-2.7019682916139423,-4.5847863247353695,8.807922351056536
-1.4378677145562868,-1.1362577555551547,5.455886762508744
-5.079142000386317,-7.209002987359976,15.818525372853655
-4.848600409345275,-6.164092597073652,15.291179761229799
-3.9842215153457534,2.14046950418004,12.950588929635366
-4.136674691434858,5.875112105069545,13.419683556570671
-1.9234573443404808,-3.6800593366343906,6.608178341584845
-4.01417607344795,4.8035415145557465,13.146984129017659
-4.047745305506646,4.600113493657767,13.303772869701973
-4.067493105335639,4.627073487285385,13.362260359313046
-4.010704505111776,5.376052801459145,13.18841400583288
-4.0062184138272965,5.767599015306611,13.223822918723416
-4.277673809650223,-4.229330830052933,13.883377180727102
-4.277673809650223,-4.229330830052933,13.883377180727102
-4.975756209910469,-7.446001021275254,15.957068967432138
-3.9665941111123018,4.678251073722768,13.128650687505312
-4.009248594356434,5.27316995733458,13.265380729320784
-5.970264950115379,-9.833186393363633,19.06697905123179
-5.353677138541295,-8.462979962724352,17.192564722812154
-4.6629407114269315,-6.062111144319075,15.200522146743921
-5.305967593536972,-8.392606027960857,17.160612499904936
-5.305967593536972,-8.392606027960857,17.160612499904936
-4.193392163692519,-0.7964201986006226,13.917246332235097
-5.705575622743213,-8.890632676231574,18.4399857653257
-4.688397851536074,-6.224751337639446,15.347088779355495
-3.845263527745973,5.983352607073236,13.104382203397483
-5.791136187706494,-9.757474089940388,18.92358987345993
-5.036933429492673,-6.983830339982496,16.72849459533785
0.14411578533308103,-0.7726621301571222,3.0430452515737656
-6.4929146275536445,-11.645092390297982,21.378074730729065
-4.650461976656906,-6.650158521673215,16.073215830866783
-6.386492986482195,-11.849212180454275,21.761505622069343
-5.494069560163019,-9.789519873082272,19.035105272833864
15.518845891228468,17.425305214222192,-43.02452000854962
-5.495846628767304,-9.702773172345758,19.14154200430053
-0.9035054686564115,-0.8472916375413508,3.786645682595572
-6.826908913056916,-13.240384368553876,23.466634907391025
-5.073906180467304,-8.666845264193096,17.79345089281341
-5.731784948850563,-10.528098109276993,20.027616335936173
-4.126723182486518,-5.540169531573684,14.757661403566221
-3.82678554122787,1.0383882775873556,13.943657363704748
-6.257407327319696,-12.130525676795346,21.862416496268345
-8.108552887175982,-16.69668871870507,28.100247982591593
-3.7353004899031528,-0.1432508636224733,13.74114605080081
-3.7157914589267436,1.5757197688719677,13.760442836467542
-3.680808708243938,-0.25120792008435705,13.655490436451247
-7.865837670330875,-16.037465209311165,27.59813115890142
0.5177756229745977,-0.38845509363223885,-1.6831591759819322
-6.762572987292055,-13.496054597064077,24.0394866941278
-8.487363577700677,-17.891196767538805,29.910668674029196
-3.7555204121095334,0.5283418506748594,14.09166217240799
-5.563060847511971,-10.241539489414956,20.10995758881873
-6.998235593062012,-13.783531294933317,25.0944218608099
-5.362363412174828,-9.852505799224089,19.546332670095488
-6.092615544883335,-11.807741464623017,22.05830881330465
-3.4108078870721,-2.9173853463903128,13.006373878632944
-3.689432260577626,0.769630659566822,14.025422676576929
-14.340089245079177,-30.935439176463113,50.49030069257466
-3.572947334227282,0.27357418921342264,13.621369080834041
-8.864517793558083,-18.9249236962259,31.730017119946957
-3.5483869830739914,0.40201238371100584,13.614456046149648
-7.079547783606416,-14.597985616874103,25.677771189355788
-10.36942786833327,-22.414384041859908,37.1705612336547
-3.595448026311535,1.2860984283287977,13.944318618779981
-3.595448026311535,1.2860984283287977,13.944318618779981
-3.6004907740695553,1.0076766844360747,13.955633975528213
-3.445518981063572,4.768607333043665,13.480048242346603
-3.439333052245504,0.17746501590367342,13.408993112033945
-3.4130228137690453,4.268973851206697,13.406860175501231
0.8724601957928403,0.8033927326720697,-1.953038760515208
-3.9695056196477867,-4.780819743793326,15.291079992718473
-7.209905945149311,-15.395183465778484,26.793801397612466
-3.334402834337726,0.31309712944888246,13.220051122488039
-5.908165265056053,-11.893101081829135,22.31417115846152
-5.8970030439718135,-12.1488582910704,22.268303057560896
-3.3612344091735764,4.418265952154767,13.47859028678216
-5.9437021690935445,-11.805250622989238,22.526014920539087
-6.936771558266234,-14.85164928599851,26.134300879691928
-3.383589558894237,1.513376195619078,13.619614022666616
-8.307925535208815,-18.49477846182449,31.129217331584492
-3.3116216661097777,5.317573673088107,13.399551277273392
-3.433241200392138,1.9447725612645883,13.830774311219466
-6.920246197738816,-15.130606127666388,26.17005902202847
-5.013319556057939,-9.410506245872574,19.382753427893732
-3.37636376285735,1.299931204748657,13.640573888712566
-3.3257379257130975,2.090750691302271,13.504025857574197
-3.041098823310596,6.2157734197692545,12.420119326886656
-10.600970342445402,-24.39517270149299,39.69081109955127
-3.296985690180257,1.6350121579669288,13.442420640448658
-3.16520284245733,3.6356577978564895,12.968107558432314
-9.460803053148208,-21.438230766847884,35.81462307939807
-6.428224231630801,-14.261931037779041,24.80160218523102
-4.150503695414018,-7.027182257867763,16.53934331695152
-4.150503695414018,-7.027182257867763,16.53934331695152
-3.2876128209623245,1.2338553701017454,13.632640965330433
-3.218406037365514,5.260736722714461,13.421974652658408
-6.740510862399277,-15.009310514332203,26.274645517220222
-11.469165642432513,-26.88567435373614,43.79407517220359
-3.193166107290284,1.9724872675920249,13.33249685497499
-3.193166107290284,1.9724872675920249,13.33249685497499
-8.216399184669603,-18.591717602289744,31.948989199347476
-8.216399184669603,-18.591717602289744,31.948989199347476
-3.176101469294447,1.3679143116745376,13.333664167633144
-6.70435315089925,-15.41971104372178,26.706004681761044
-7.1637372004698205,-15.716993507990571,28.53962209660699
-3.1182805246016203,2.2502873024118015,13.323680972249761
-11.066433652629387,-26.690676688888704,43.412231845909965
-11.526225374590545,-27.649467205324267,45.31904270950315
-3.0561206717536464,5.487582105020415,13.274159768676146
-3.0065518778233233,2.9444606658351615,13.13286772539412
-8.902485897334666,-21.72250064678443,35.78015921011799
-6.925278646849065,-15.690918066900023,28.20358528884604
-2.930376881536978,1.3346069353820316,12.884746242462137
-2.9815746228073836,5.257240862260163,13.17307840685209
-2.6265756657516968,-2.2191108091130776,11.768921935292184
-2.6265756657516968,-2.2191108091130776,11.768921935292184
-3.5432352460599983,-4.65954731171544,15.245219300481114
-3.2800369110646503,-3.9375625565424914,14.225151301456442
-3.4072734222782115,-4.774072230628316,14.781372392715214
-2.8834661504622345,1.6412351284632705,12.79146971073756
-3.607363766100028,-5.29466861333538,15.63415810898898
-2.9465752107314933,4.918171618743451,13.272850557454154
-9.82401389383457,-24.465636975913412,40.349467649151855
-9.82401389383457,-24.465636975913412,40.349467649151855
-6.621374522191155,-14.145443151778426,27.742163273648476
-2.8801342062628827,2.0684127969147164,13.026437524686417
-6.921780207525857,-16.40651194093175,29.062649737331295
0.253844186789094,-0.5487063752497398,1.0803911624402034
-2.890561402970428,5.568350113851489,13.207914409557358
-3.2615188084741655,-3.5898871839149846,14.546478855980297
-8.278233512665201,-20.21117827440928,34.66499654713393
-3.389735991404672,-4.960751555774089,15.141319550711023
-3.0845816912578368,-2.995773720617817,13.98240041208428
-3.2564939790712972,5.121124215065902,15.058705729022542
-3.8236489884784044,-6.859102682496253,16.952960503966576
-3.1650825937798355,-2.9724399485492654,14.332169463379788
-0.2931930847785421,0.4450830228758071,3.5088582342546704
-5.872846919698643,-0.5950719554189559,18.91097238130791
-3.3723242167741785,-4.7521632018817845,15.237155712599138
-3.783994288480458,-7.107306248089768,16.93133192948125
-3.445193556644202,-5.628614581776046,15.539231780323906
-2.8027950336712304,2.1300796303415384,13.077698163337272
-7.8707079052052205,-19.836993536249327,33.757416303737294
-2.7708766472040978,2.2540931468450816,13.036644686337493
-3.4814345641135014,-5.41885893290379,15.858545912409406
-4.307720050804369,-8.667469345833162,19.284849552820063
-2.5248731154222006,3.850118841179476,12.091038077881954
-4.548709992269625,-9.94055885330447,20.412400813828146
-8.196925589915379,-20.962502577424154,35.84035368841009
-2.6612506936680536,2.996168191609479,12.778801076223658
-2.649814691549723,3.241988191124376,12.793888032410067
-2.5648898840249186,4.862651289106601,12.489645357712325
-2.9892569172364336,-2.81176305787684,14.205605824871782
-2.610869778622596,2.7637503878110783,12.732797558927638
-4.0983415161001275,-8.728620376388527,18.959968143127252
-2.9003565715321673,-1.7984992158985655,13.987524199362529
-3.008511935459941,-3.2878478478060917,14.43064108831997
-11.81443441541229,-32.15132651812209,52.008627571996485
-12.700579028747892,-34.94711391249372,55.879591770389446
-2.919539478368861,-3.003429215090199,14.160254652298516
-3.328608996656934,-5.289884023019208,15.925386983917805
-4.6504479169470585,-10.566395122510112,21.61222724431602
-3.7860304518295194,-7.212104252891117,17.928219611724213
-3.187855353344983,-4.625852673576769,15.38198957744144
-4.152595310805389,-9.300207602739185,19.475517589188797
-2.9200044590549132,-3.006630418227655,14.353813736476507
-2.933087170522419,-3.1076622892990193,14.439637276103543
-2.7419844883514006,-1.5061232434570573,13.666730755324894
-4.064490460637992,-8.985636469736718,19.41481755700042
-1.683303009702252,2.9635124569566598,9.54196797992063
-20.183690155163816,-54.14182640880992,89.96972154480437
-2.466717306239865,4.613959717959239,12.572341303247427
-2.8118909303502506,-1.4492442319530239,14.09488519425275
-2.887527073602104,-2.8998054497008727,14.347754755196078
-3.0014911960076045,-4.016954178760913,14.977434674994852
-3.79503238568728,-8.148176390726915,18.48144572435439
-2.970432948091298,-3.8283068066497474,14.916271109326129
-2.920080464017954,-3.4047046920477992,14.776506707284476
-2.996093230816022,-4.6203852782444015,15.075644555137432
-3.309407970051881,-6.118721266698818,16.523791699104542
-1.4219639957800594,0.02282133240590475,8.480103371626724
-2.958808214515954,-3.9755020780742445,14.999917264430021
-4.352232946443823,-10.375388224801458,21.20446839421313
-12.412649263150925,-33.02341807462736,57.49210918245018
-4.243173364290866,-9.927786206926788,20.73145861802321
-4.243173364290866,-9.927786206926788,20.73145861802321
-2.334810636985884,4.2439069838276975,12.307260734909109
-3.0988172101716365,-4.999445755104988,15.69802033418316
-2.816405086379785,-2.4270756248939307,14.449436937241117
0.48070709034397097,-0.47825981375265786,1.2767040308393889
-6.821217781390924,-18.422265793618532,32.58207381622266
-6.4804560840637455,-17.50923678614274,31.136770194203944
-10.982569500562187,-31.0861009366973,51.96788377476799
-3.3944461739370713,-6.278057926134606,17.174853114530194
-13.084343383583166,-37.75302442264987,61.62784695573286
-2.692271724311959,-2.7595214695687798,14.05526311003319
-2.7221588055852286,-2.925933241807038,14.217424874706895
-3.197482212574615,-5.605899947541587,16.545507432351812
-4.4792521354977834,-11.36420389421959,22.372867440664255
-10.994459711764195,-31.86073422402796,52.90242596714455
-2.46298093649836,0.4696542524994277,13.311219082756798
-2.7952733465306965,-3.2813965876119204,14.852444734575757
-2.371623009267071,7.033356527641484,13.120580218097587
-11.468291705588456,-33.75898776997251,55.48581170237051
-3.8461831149328463,-9.161429904726099,19.871835901087035
-3.8461831149328463,-9.161429904726099,19.871835901087035
-3.5153444217201044,-7.465028036915222,18.42507942633404
-2.3878897601025546,0.7656688391556512,13.233370940423148
-2.407610656394717,-0.15297866792947146,13.297185093503563
-3.36327650568052,-7.022556953741767,17.815476534012234
-3.36327650568052,-7.022556953741767,17.815476534012234
-2.6076757497992875,-1.980043702741324,14.343948710391187
-336.0278396725966,-911.1970198149663,1599.3233034918653
-4.4857536198651,-11.950357949255588,23.34429397672167
-4.4857536198651,-11.950357949255588,23.34429397672167
-3.3350851193428035,-6.797348194525907,17.912342298657858
-2.5601145436853865,-2.1699679552675075,14.256622912131254
-5.569688238540322,-15.366482899187327,28.631220868026976
-3.345765218907526,-7.2056214294089935,17.995188925250496
-0.09219192977135987,-1.0967099657510275,2.743713260454015
-3.2255533755014105,-6.914349999169399,17.519043233321696
-6.894640223403318,-19.850916457378254,35.22676969388841
-2.477496423396498,0.8493992089066887,13.956951167965792
-4.9320364974449475,0.5212849421730129,24.848502318120417
-7.841449021384663,-23.05564360323707,40.03781136719461
-2.268829286073682,1.0710198278317244,12.977487081973152
-14.144022675695506,-44.667352111709995,71.2151973787499
-3.0209933076348148,-5.680329454290226,16.746078923152503
-8.240376264522432,-25.208143741646264,42.59399219596341
-2.067821141347324,2.8487827712683473,12.20316356981632
-1.756815425826241,-0.4707637006307558,10.53744587323287
-2.246679640161115,0.8551272402236515,13.128658708874877
-2.291683799582128,6.779781418812619,13.56537048602354
-3.1089099530015085,-6.669088310012439,17.407522836095698
-3.1089099530015085,-6.669088310012439,17.407522836095698
-1.5472088040510101,1.3984764467080495,9.995207963713026
-8.553401991083222,-25.99229711324948,44.349846411516396
-2.376441270174437,0.9547220554089229,13.792259053680697
-2.705871870718848,-3.9782062888149623,15.510005619686577
-3.073473796116668,-6.265735499225359,17.426841389849713
-2.188551396663455,-0.4197350677008438,12.838772655096413
-31.25768013207037,-102.0457804187654,161.48715965637547
-3.218736002277401,-7.185302355449617,18.407910010022754
-3.8466843086167226,1.3846189623331835,22.84373333192207
-3.8466843086167226,1.3846189623331835,22.84373333192207
-0.8171146774192835,0.4062598438592424,7.557554071877071
-3.1106589131875673,-6.704634774582737,18.02255874181419
-2.9147546874892956,0.8238138749638155,17.512078512153785
-10.88031500474348,-35.503931870186875,57.998035559898824
-2.0077098382635854,2.8917854540699026,12.452311841617812
-1.713843554888012,-0.25775244230002964,10.631093596337331
-1.9512061907085472,4.307615356968231,12.087495765657419
-1.9512061907085472,4.307615356968231,12.087495765657419
-15.527719947152434,-52.614999896100166,82.83567973421383
-2.247040241730507,-0.8543020267705761,13.779710148738829
-2.3146908074728825,-1.018732137374176,14.156185413712128
-2.517060945275707,-3.110985527880272,15.324571370241403
-2.608508385164461,4.080702717868727,15.737199145595927
-55.822041428439135,-189.29277470597023,294.360392070697
-2.8076166603997743,-5.709079858367289,16.967519448864657
-3.0036147078787367,-6.884717712098428,18.25452061310511
-2.4183003148417064,-3.003449535686334,15.10586358875878
-1.9146226605748573,2.9229952141884414,12.313058285047012
-47.441878733815614,-164.37715597645638,256.88787226908664
-4.63007125636242,-14.153679292765885,27.0989678498042
-5.001873671232327,3.249469118529225,28.20211071328155
-4.456805279449652,3.4705355173248216,27.841295669736905
-1.949415471596388,2.651011976344319,12.688575483190556
-1.949415471596388,2.651011976344319,12.688575483190556
-1.8775092513528855,2.8117487455123764,12.252130944219694
-2.380191870221952,-2.824165760203124,15.07879059923597
-2.1555487018138266,-0.9016242567537593,13.949435023783586
-1.877763131497255,2.9204151239851344,12.358918594775895
-1.877763131497255,2.9204151239851344,12.358918594775895
-2.9114656469858504,-6.703077896451173,18.17790319485989
-2.1583255674838404,-0.7734767253593013,14.007583231307004
-2.0330360554974463,7.20073301948137,13.577631955978894
-2.1786774740207475,-0.9914517811762241,14.189134308048894
-2.118588662275668,-0.7297408475259421,13.875229159106093
-2.3579633834972626,-2.5077868493622115,15.271547254811903
-2.3579633834972626,-2.5077868493622115,15.271547254811903
-2.5304123231275635,2.155486464831208,16.61040251242439
-1.4495185647929243,-1.2255050194078758,14.949493584935247
-2.368936929724892,-3.174620692195687,15.43958534344464
-27.34224487878616,-97.65636132530705,154.36774566154526
-1.6222056908722189,0.7058724127386363,10.947285665297516
-1.7728920747106076,2.9266862073690376,12.146223248563171
-2.0519059638277133,-1.053087142095132,13.81909167927559
-1.8090623279342024,3.2210671267759086,12.421610628334369
-2.060612910335046,-0.4538559999140325,13.888200032911852
-2.7107621092048526,2.3558642079799257,18.246634320590246
0.5485430719202593,-0.11441470192833489,-1.908276972092932
-1.786950522635349,2.9307944023375057,12.32680754443279
1.4777666553584883,1.8599740912510125,-4.891052946307424
-1.7978855286678348,3.831176914618841,12.453802349494945
-2.049090179368686,-0.49819450218234745,13.903860867316146
-1.775210526114562,3.0760811747155987,12.338947163546099
-2.0402964893893736,-0.6453658322777829,13.931137966493926
2.0239056327723652,-1.4167453580481633,-12.300003047735455
-2.7985531848876883,-6.744961919132966,18.29516488232122
-1.738303007886919,3.9551236469190574,12.311138621523645
-1.8773681130720883,7.0514871009892985,13.462634395773293
-1.8773681130720883,7.0514871009892985,13.462634395773293
-1.1192972255064861,0.5505853130821878,8.323689780814858
-98.25733970112503,-368.6485496152197,572.7840247087144
-3.0410701969809177,-8.569488019932946,20.0180500241557
3.1569782399001425,0.7887552642542547,-17.158992209358253
-1.8670967039782824,7.294225259746336,13.49386356974551
-2.0099831426566572,-0.49822856921102393,14.098202482212274
-4.2917769634932705,4.606894349276753,29.859864299165896
-4.2917769634932705,4.606894349276753,29.859864299165896
-2.631042891506318,-1.5051791924709261,18.250310685085207
-2.631042891506318,-1.5051791924709261,18.250310685085207
-1.6941227719286684,0.6378792748981102,12.308332959854067
-2.3574631557294743,2.1636643036632393,16.829246828812504
-1.610429555315342,4.208514445819055,11.893244884545727
-3.297804028258748,-10.12900179796954,22.183680365187904
-2.090668562075721,-2.373996524775726,14.981768298287884
-34.46245123355848,-131.0899396539927,206.45875561116725
-2.259976547996155,-3.6382453324885353,16.027898057315603
-1.6995708116483033,5.7639060821744765,12.63928713287251
0.07321926848134973,0.5406306589643752,2.1826004629943223
-25.926817246447296,-99.60496772717444,159.47671249246883
-5.968504537724503,-21.377092487379876,38.6708883410975
-1.6703720184680384,3.047321893377892,12.523259381537413
-3.8863139715832276,-12.655004144494576,26.17470871485755
-1.7771477086194654,7.03228672530988,13.541024929932584
-2.5590187260732242,1.2338447248275168,16.398503812500152
-1.916980569332917,-0.707584783080916,14.289603455522526
-3.557745226163472,-11.615258874908202,24.524918790960964
-1.761308003360641,0.3983013242404537,13.442315853245818
-3.426904106897759,-2.351768240940236,25.003946168163516
-3.4740139354321755,-11.421284256060149,24.330591377453608
-4.309672933255878,-15.339449455845461,29.605449443969366
-1.0902564246670488,1.2534565976498346,8.802616985074
-3.240380359299051,-10.502324650019853,22.904220574302958
-1.7561130925163282,0.4235025965995629,13.583930366871002
-1.6778876692822118,0.9199658399628122,13.04376873341877
-2.557812026578682,-6.632203247528188,18.969018544922022
0.9287826904901325,1.4073784058251513,-3.693024576888824
-1.8162163660746857,-0.9840341867560082,14.166443210669726
-1.9163323099751253,0.37441547927458685,14.793405094331478
-1.7001533897483347,0.28617054909956385,13.49767946660878
-4.202598336684335,-15.803903309530735,29.701237637845622
-1.497098403167177,4.533325494044491,12.171756544410558
-2.168972951601659,-4.394238887306029,16.7067105259376
-1.612469997715436,6.977549712462491,13.225683465064394
-1.5708036010947992,2.1324513727551393,12.686510642155516
-1.763277583706941,-0.08519381011396923,14.011405851717777
-3.604833567682917,-12.910557091899866,26.120971107658583
-1.4972423325180697,2.93127468754243,12.26535740997128
-1.6430878491261323,0.7555629828757721,13.292819064630267
-2.1850225977203372,-4.600877114295164,17.087453531131754
-2.1850225977203372,-4.600877114295164,17.087453531131754
-1.8865970584467442,0.38684732332264354,15.000427174908872
-1.6801660304073789,0.4104648115672328,13.64601469173471
-1.5490307714205038,1.177847412284996,12.805270756345992
-1.6693282919208976,0.2962969286819322,13.663741478882597
-2.49588493962422,-6.716439504137797,19.21090454459198
-1.6779290230479043,0.0893551843853502,13.756389139721442
-1.6713584406008641,0.18181862325003337,13.671898770075794
-2.362187917345007,-6.270806055348967,18.5460147758101
-1.587225024877163,0.7572484399574265,13.204518554237632
-1.6897776174824102,4.99672723446103,14.179134515045924
-5.101914337771911,-20.439185600361103,37.09673211300982
-3.6687733072406483,-13.535098401105769,27.450845236700204
-3.6687733072406483,-13.535098401105769,27.450845236700204
3.3198426240544503,-2.6244553442347476,-25.197745777621595
3.3198426240544503,-2.6244553442347476,-25.197745777621595
-1.4078727995390379,4.705203326620452,12.141796305305983
-1.7330991272935878,-0.8531553992601539,14.45860343992151
-3.974070613618467,-14.169489485122918,29.582788228219346
5.756118951696703,24.79663799251993,-36.316630789610066
-2.8636118978280938,-1.7574034141722106,22.86942397535214
-1.5510648437521082,7.184949166824898,13.424031468885795
-1.84273927433434,4.942381239471564,15.58879317358983
-3.948838602711147,-15.31350800475923,29.686058288917458
-1.6172731079269438,-0.4771474958396634,13.433000981970869
-0.8799292344763515,0.7599869513245576,9.596114457860077
-1.5591471931169512,0.4648259074624168,13.372533794790955
-1.3729162061891746,4.417205771820559,12.069790805905338
-4.220513246381572,-16.745661627228586,31.827262634264443
-15.050047432984059,37.35472248317347,120.68898501125366
-1.3820635350981592,4.668785584999001,12.181081375437435
-1.365740731258946,4.775283206519458,11.99765600313815
-3.1604191964746136,-7.614122512481942,20.677353071971936
-1.3795788633463604,2.908078130864329,12.256202732763679
-1.4393135391065415,1.6041340263422166,12.678339326346492
-3.837000510849156,-5.847674268082715,31.28036226921717
-1.3498363102773216,4.968081229073895,12.276927131450863
-2.244988798623797,-6.533258283279667,18.803882063993175
-1.43772468736251,1.3726901442918094,12.881440140416123
-1.4306786264651534,1.5717088534053574,12.797362334328314
-3.4169455222913476,-13.34581565859137,27.30393212646895
-4.621433257143208,-19.17675898469402,35.78895250828068
-3.566593518813506,-14.741911656769727,28.20997375233763
-2.019575959821474,-2.961601086363047,17.323200934599306
-1.391510486054233,1.5278744986150057,12.71289540220487
0.7994551783488666,-0.17069383204058441,-3.8072557910848537
-1.8909322826639472,-3.570619131993149,16.57872686314685
-4.641997415208355,-19.65001368243546,36.46361539285751
-1.306808539419907,6.046475313229358,12.661771847747303
-1.386141307262932,1.70060658842326,12.914646296547204
-1.3670079657409262,1.556285151789205,12.729749519872202
-1.3556280922390211,1.4503878554303733,12.738908667387514
-5.412477518421019,-23.301665091327997,42.71863404310604
-1.261806822691946,4.5807489065468365,12.056328909962831
-1.2673644259771921,2.997210153322961,12.154062420718743
5.013213986891753,24.19390680013616,-35.2736593947883
-1.205144134005088,3.841953613083758,11.636588535860367
-1.5437373902336686,-0.7680997423183471,14.413118213851934
-1.3322067649404292,6.7722852276573935,12.962478027325847
-0.7779582149509938,1.0820434864864579,7.810482074821744
-1.4989012478336712,8.652573623760535,14.702114022288876
-1.3264982601982633,1.6015609821497958,13.379124934207288
-1.2521921476067308,-1.4197324937371532,12.159617348863215
-1.232127361318807,3.282091435776173,12.100173359438598
-1.2321902270179979,3.053917255881343,12.179434286697886
-1.238489982364254,2.719535977428636,12.345854105638661
-1.2686539127120902,2.877598931282772,12.615413588003353
-0.05765203939308133,-0.01902297520470257,3.541781838610139
-5.744792739886472,-26.009503586172126,47.07176227996248
-3.0157806417363897,-2.3056621629926877,27.558396658194894
-1.2777346464456272,0.9425107323725789,12.832012352309901
-1.2483802667557518,1.9380807492773888,12.61600155071002
-1.6769447775003368,-3.2994968458641063,16.352067135810955
-1.2567291855552334,1.56414392654762,12.805671938541789
-1.2019011282021788,3.208622303590364,12.386872944356487
-1.178392443530158,3.1036144969063977,12.305229261499584
-1.4046961726290885,-0.16434977930862193,14.306267990519085
-5.375041115244801,-25.328810180034967,46.10577314336318
-1.1503350577721172,2.9212648023949006,12.137035825418042
-1.9062500866088714,-2.197281639059419,18.84772217981976
-1.1379858605552895,3.0030144079449226,12.239526415763308
-1.1379858605552895,3.0030144079449226,12.239526415763308
-5.152694121771445,-24.637768650613953,45.104968849354364
0.46024702112436505,0.467087577822492,-1.085005278053265
-1.086982787365293,4.45783979128235,11.836998259416221
-1.1099753327246078,3.283757983067627,12.091149117015325
-0.985897674998112,1.8352951030681426,5.857729669588024
-1.1102735389559106,4.681224251878045,12.162968314604719
-0.670698268214224,-0.7116680700305689,10.6927536554518
-1.0645730905849442,4.718404264061244,11.869013116759144
-1.0776153538914255,4.938829624991459,12.122560411740254
-1.3304384201246497,-0.5170915405069555,14.537375909551345
-1.0551651554010344,4.412158253730759,12.021509816062622
-6.3630756267198825,-31.89447257096691,57.38229566798163
-0.8532117173954178,0.8155312157649598,11.012377975401051
-11.663069589397349,-62.34011525500265,104.35800499198915
-1.2433176121201757,-0.17719780366819254,14.091510833658237
-3.955915067953067,-20.284112924596588,38.11292676157829
5.6933157687601605,30.306910178162525,-45.64532652988922
-0.6721506473379466,1.8937139879478,8.434321830842515
-1.0916511444582426,1.5388143778792593,12.721596379163566
-1.2274824467935406,-0.029817432259399757,14.090924065168387
-1.274069441644193,-0.5242482076468687,14.511854915073794
-1.0087559716111187,4.681623108284111,12.06901646795265
-0.9744239422812917,4.688974628939408,11.846281441511136
-1.2582031939918263,-0.4121385414860517,14.577194753118912
-1.2115696961538178,0.13229010787526968,14.090484130795375
-1.2582031939918263,-0.4121385414860517,14.577194753118912
-4.327763150075326,-22.698738927331952,41.843133333960964
-1.093393044132202,1.8052891159150732,12.914001751581253
-1.3065893513917781,-1.495252184499984,15.123952076034534
-1.1649850589977917,-0.06519109751435188,13.751525103639748
-0.9801186173916384,4.387425125348231,11.975362186032955
-1.1932765632650268,0.3879674601065624,14.012872725666714
-0.9618289865915272,1.009725959710096,12.115856808146836
-1.0078361699817036,3.0697645211776425,12.232096575553568
-1.0727977026748845,4.07231965924736,13.092393849433845
-0.9460046065715652,4.159554688485857,11.738484567089355
-0.9981942678154144,1.0717577779406395,12.476127058784337
-13.234117557944597,-73.71035115746544,122.78640932390594
-13.234117557944597,-73.71035115746544,122.78640932390594
-0.9601140029548553,4.780258764234725,11.936897572906556
-1.1801009874004333,0.3588149725481119,14.02418716913669
-21.65927045417297,-23.835997636463766,198.78088086731213
-0.9700642493772664,3.1850752463932306,12.086159878904922
-0.9161789541041304,3.0626038519066245,11.687990306128166
-1.0009032663026793,2.535504955061358,12.576842882677628
-0.07809149278021388,-1.3904495757707942,3.338829449259277
-0.9116896209680996,4.381003139647957,11.773336408989676
-1.1850679851786319,-0.2673101380953154,14.547226836989312
-31.56963078987942,-179.5021369757651,296.3357553259324
-0.9376475144455527,3.036855116661822,12.180702761293754
-0.925028960289671,2.715815960787132,12.001894975075588
-1.276242990804483,-2.240528445025339,15.812149156851666
-0.991375656337105,1.6524196638938364,12.785523559001438
-4.835961401727614,-27.13179818076025,49.61201501237105
-1.4217210067522028,5.114915713097695,18.271377576681555
-0.922672802244257,4.567439522332431,12.193654552886521
-3.707280881774537,-20.504392312059604,39.151790628798906
-0.1862020347562127,-4.814958270719771,8.123426830096903
-65.32004102178799,-383.23065560995707,623.2267808654392
-3.553775810570036,-19.852218891161904,37.904349511942314
-2.054429033121068,-2.756148787207064,23.17416418829951
-2.593429182163553,-11.993636141409752,29.69588422980733
-0.8717309064203596,5.501623592828486,12.139837897213454
-0.8452518580131391,4.283433719278112,11.728900156670415
-0.9251266811714453,2.611504486040509,12.730543187909783
-1.0427924569774472,0.20311675838481358,13.970226868754011
-0.9150491021778057,1.809892929906029,12.533469677581639
-1.0620406965168245,-0.03118724932627159,14.201078444101011
-0.8384597916022999,1.210254042831944,12.044805406150267
-0.8779900417970758,2.878075346381382,12.383181939928718
4.655999052605548,29.250564255043454,-43.3522422031903
-0.8522169437447991,5.664929721926071,12.261188665595224
-0.8125778367443841,3.0712495132723636,11.587301119987263
-27.31736584468337,-171.7409489080459,280.03006712726966
-0.8660541093957791,2.6433980523439504,12.378726437097729
-0.8517949453743849,2.699633209526235,12.310630453551621
-4.033214677354698,-24.130768474343085,45.243884489271466
0.5417155088572557,0.4693195408956556,-1.3021840083162046
-0.7952447741376956,4.187805849637142,11.828198194819393
-0.7952447741376956,4.187805849637142,11.828198194819393
-1.1602662692621675,-2.465955583672977,16.210019348543018
-1.1825766609906025,-2.3889669298834915,16.437437814050828
22.21408900031424,9.278227511152476,-204.3410233573952
-2.7855341709392967,-17.13155729480548,33.889435529561844
-2.7855341709392967,-17.13155729480548,33.889435529561844
-3.498070576559809,-21.616922818851656,41.66496660177552
-1.1548053783363676,-2.5521683239034294,16.49396718677339
-1.1720033325069026,-2.488524617462469,16.76314350318637
-0.7303895374674014,4.108762119963061,11.623035762362472
-1.0785557238531063,-1.7829110280799105,15.853638751135739
-1.0785557238531063,-1.7829110280799105,15.853638751135739
-0.8019922516688581,2.8237403539135153,12.52382839624399
-1.4275531169526596,-6.014243445322176,19.664434054491082
0.20757512815652163,0.1368032787230507,1.7341895415307673
-0.8817937335060332,1.1735579909722766,13.458719014988592
-0.26458794047260364,-0.7254796503488805,8.54813907693375
0.4314994015994862,-0.5448102918925872,1.4375459023015849
-0.8134821721916061,2.579485185350726,12.879539932524647
-0.7053673021267982,4.283837034276614,11.806880523803947
-1.079679397306272,-2.1683980090425226,16.456233978007468
683.3450578164658,4690.362789783202,-7632.8402427653255
-0.7314455650204776,2.7007676981090687,12.206314328996909
-17.44867174213918,-120.52746653545775,201.83354296752177
-17.44867174213918,-120.52746653545775,201.83354296752177
-1.6536368291076196,-8.695345420713421,23.390608962301
-1.2737616122957778,-5.62020175413086,19.12643583939582
-0.7404711457498727,2.5655454641926423,12.548890276537719
-1.4928564739757544,-7.703586728239004,21.786635839106467
-0.7204357304914923,2.6082742468910673,12.283636172389938
-1.673765934070255,1.5747072419074677,25.76744782167365
-0.7650827500289074,7.552252722303466,13.645368548660734
-0.016844715042382965,0.21406840418788295,3.7228291512426277
-0.7269217875366089,7.255358231908382,13.372736323981975
-1.5977446285979064,-8.886645791781042,23.5774275459203
-0.8154607933546107,0.8494856186725279,13.93428066645205
-1.4137851622230015,-6.82259078147361,21.3359434278626
-1.4137851622230015,-6.82259078147361,21.3359434278626
-0.6557229989298845,4.546694974722191,12.01612162811886
-1.4410627699694316,-6.939712197638061,22.59250177691083
-1.244785451847881,-4.631383021324276,20.166912816163574
-0.6586635977061898,2.8623949606004064,12.33005934990363
-0.9688035089086856,-2.5825340926553295,16.63602898968134
-0.9688035089086856,-2.5825340926553295,16.63602898968134
-1.2035785438538367,-5.794298554497211,19.584282885187836
-1.671617531369734,-2.435279505171475,20.52781112885375
-1.6339755390327941,-9.736259681334602,25.315018679307087
-0.9251307248359789,-2.033615197712014,16.27011277066817
-1.1536601611589985,-4.342999478093317,19.34654315137586
-1.244188550257151,-6.304774100379149,20.27647292871745
-0.5965699515372697,4.031129966443533,11.688519094261737
-0.5965699515372697,4.031129966443533,11.688519094261737
-0.707432427187481,1.5416560151399799,13.429646023726438
-0.4848064638893228,-0.1915460358857122,10.94684619309433
-0.11086122739442428,-1.4095341312146068,8.245388890894297
-1.1677096537621767,-6.317595956862207,19.982533781628725
-0.936473653118718,1.120049827203221,17.389351484751757
-0.3048588635531145,-2.525923885682785,5.199745619947743
-1.6188333115472753,-10.512266075989471,26.06782597170039
-0.9001505807669457,-2.1839563894003335,16.57313159384822
0.34543704086629134,2.038232622425185,4.164830973486122
-0.6490493927520748,7.605963605648692,13.631864211829567
-1.003468247735125,-3.773536067834518,18.15640109858383
-0.7471451763754123,-0.13417549858819988,14.698268803699287
-1.0346055009245396,-4.448735997718063,18.72928627618534
-1.301732789766165,-7.220058829725862,22.44179846607684
-0.9420315315830725,-3.6862232677492717,17.514277542804
-1.189980221226499,-6.55674658077907,20.915339288715845
-1.3308488728251116,-8.480337109241324,23.176864833397023
-1.2427096090374796,-7.263745859933552,21.973019336123322
-0.6028714669154464,2.4461472075303186,12.621831819881091
-0.9461542838225853,-3.937671376576557,18.258821829909987
-2.2508941916010605,-17.404189277764424,36.47679463777593
-0.5224556054320264,5.08118201502019,11.976054186028755
-0.059843427833514345,0.30408095823775916,7.2431109030405985
-1.1111845810890324,-6.249790730133288,20.764768668693964
-0.5240884700211521,4.9273462352148645,12.203764302932859
-0.9222736610494036,-3.756548988380432,18.211277246023734
-0.9222736610494036,-3.756548988380432,18.211277246023734
0.5178686485084002,0.3117371966411111,1.744373601562885
-0.5476510306772236,2.7433532876113436,12.383870169944116
0.22103192223279128,0.8429454955136089,7.21718482590535
-1.3007129197323062,-9.281788674145437,24.203732186708777
-6.844876805809787,-58.53154473502709,103.22194924743967
-0.565777301006796,1.261561501646323,13.304550592199668
-0.6737584063404115,-0.6080608012449218,15.20967029188407
-0.6554500691622368,-0.24720520862720333,15.00021386732494
0.4617416504979841,-0.16011542694724443,3.4995117380933456
-0.5264006344712642,2.6001435122297645,12.670195651226873
-0.5844177804804582,1.0556415852434191,13.703224118043204
-0.845987853141345,-3.8406346656745805,17.93922123282519
-0.8630764283401999,-3.6015045433363166,18.195702801960817
-0.9212085573967107,-4.755223899160389,19.303381879045993
0.8354450885375269,1.2614415385225062,-2.4853625240961765
-0.45650869146482564,5.394359583145919,11.96406493145521
-0.45650869146482564,5.394359583145919,11.96406493145521
-0.45650869146482564,5.394359583145919,11.96406493145521
-0.641336427774528,-0.7602354445077045,15.081695603609207
-0.0008952345750817199,-1.3247543316380246,8.009977213650712
-0.7930947884029824,-3.67778841290979,17.605588991899154
-0.9741164004957963,-5.892854311501178,20.54099655416303
-0.7700161488212788,-2.375564948348187,17.276136799090924
-0.49356436567679934,2.3225428209729735,12.567599519380584
-0.6386904841022409,-0.1952757527039882,15.202595196518406
-7.7204303551980535,-8.936808127013887,98.65815077996523
-11.474518384278353,-101.9741672042282,178.58963521994704
-0.5207006321400374,1.1550183557748874,13.530746250888734
-0.6879619310342442,-0.5683328574050496,15.832753937853692
-0.5406264131383848,0.9449434003842458,13.875508135383566
-0.4676016632721722,2.550628389898959,12.592204408110796
-2.285812869042636,-21.457302459824707,42.41460048819272
-14.545838832263208,-15.893346638948266,183.16323354245355
-1.3540689020753953,-11.81320360220536,27.97852660662057
-0.6326731729991443,-2.203026533762512,16.20300252102772
0.8761591023734161,0.033609884902451315,0.45652733794832534
-1.0832383941761956,-8.189680258047453,24.06839665145444
-1.7072598064246347,-15.970559840347024,34.262508981412545
-4.026903941519654,-39.01956839449991,71.54743863705933
-0.7424072326327736,-3.881090788044468,18.35374973343286
-0.7337563734388923,-3.9681696984522037,18.3599205268287
-0.4243907675102752,2.0784904157843407,12.772220030688858
-0.4654902630556925,1.270453936029435,13.561700146163533
-0.4654902630556925,1.270453936029435,13.561700146163533
-0.41095455037663914,7.385684188154437,13.57852409185654
-0.536826625160329,-0.6918944591786172,15.29324772461042
-0.9676335303883427,-7.57635042566545,23.259860861832415
0.2988473452730928,-0.6479857861948523,-3.413922305202839
-2.064013134555787,-21.37601710180527,42.78830379667498
-2.787610093471631,-27.85635071796052,55.31939531291246
-0.3479902897619746,4.055961695990531,11.812517630000137
-0.8516883134682689,-6.727256869760569,21.434847628299636
-0.6248189964804299,-2.455428737350441,17.39668768571622
-0.6946633379334285,-4.473031469622983,18.919961377973415
-0.7596406924314236,-5.095998343933621,20.266401791537337
233.69814628281404,2457.8675204626443,-4111.051974970536
-0.7311367161185911,-4.989872706544393,19.80253350507246
5.908551275239189,-0.9126215576588502,-50.54951569767925
-0.7245435811804971,-5.432501554689812,19.990760722048467
-0.7245435811804971,-5.432501554689812,19.990760722048467
-0.36025937275378944,2.5904164657796818,12.47319415526874
-0.3254570018816416,0.5762371130416772,11.688207675524005
-0.32812249267158394,5.804879838205202,12.231134176805142
-0.21722307803257968,0.5605041084193484,9.291610600063487
-0.4805291699451732,-0.47715743036581554,15.568941735780628
-0.616938138453917,-1.416654998298879,8.923653767998347
-0.86773283547245,-7.741567029432605,23.84842353952074
-0.8360789793274153,-7.75944099806434,23.26896823327076
-0.3748217430889288,1.197652913359694,13.468236332333548
-0.4671556127874042,-0.7056482286027916,15.59123980718073
-4.958988110676447,-56.45922111259068,102.13222299319857
-4.958988110676447,-56.45922111259068,102.13222299319857
-0.4894039722752044,1.0878597443454403,16.151346779121774
-1.3305699754160463,-14.360641328330537,33.377986325336046
-1.3305699754160463,-14.360641328330537,33.377986325336046
-1.3305699754160463,-14.360641328330537,33.377986325336046
-0.4824805312568156,-2.0408493882600656,16.255822366255146
-1.0432937772432176,-11.200022218073059,28.236078908362575
-0.6670759643737432,-5.918616793354519,20.600513014675876
-0.3208039888863504,2.072029782833504,12.823796814881453
-1.1433832191122948,-12.209446581614051,30.037191108348416
-0.50486950634888,-2.558587124229583,16.877074726797417
-0.37659959558553036,0.6338628425752298,14.247309279479055
-0.30334199229850833,2.4885726025604176,12.391115626919046
-0.30199772200550445,7.309576444002567,13.302129336134001
-0.30199772200550445,7.309576444002567,13.302129336134001
-2.517120340374388,-31.482364853420126,59.490410048275706
-0.2978351872112268,2.345157911098013,12.492013898458806
-0.46313686002157345,-1.979312768475047,16.51996310633323
-0.4678341730103186,0.9034876895410562,16.484450400979092
-0.2922962498044737,2.704298811389402,12.341504788716426
-0.2922962498044737,2.704298811389402,12.341504788716426
-0.7293321297723151,-6.818760605536682,22.059961865751966
-0.713526372392672,-6.992394938151513,22.17480696350347
-0.713526372392672,-6.992394938151513,22.17480696350347
-0.6275035331784599,-6.38041736699321,20.602686735556713
-0.7687902305012082,-8.075712355725791,24.568699086622214
-0.25947059971817044,2.427395267630114,12.514982464301358
-1.261926417631735,-16.568102992875225,36.54298363048536
-0.8607254504903799,-11.723913330821215,27.71352893926117
-1.8971549179375042,-26.099989553802228,51.01059733603526
0.10273143608897074,-1.7096295298812556,3.223232552392827
-0.4342353732757115,-2.6772309196909787,17.539685477585646
-1.7967427829799112,-23.548371023958943,49.635609891649956
-0.3822627025291672,-2.195860106833693,16.59419585487502
6.70553594127383,84.27922994734995,-141.57782692825265
-0.40611246446239,-2.20361970177587,17.776620422251696
-0.39608971856349895,-2.0832312415595795,17.778706921367498
-0.20624663701346863,2.238053762505599,12.59492600409873
-0.2553450500137203,0.8318057142377103,14.089706336060186
-0.2619759782518053,0.4264017319931052,14.305105706310542
-0.22326205143829228,7.385242010952806,13.901166370684656
-0.41839165506925674,-4.105041910076539,18.550490251413986
-0.6294293656684484,-8.396886548466346,24.842993278152758
-0.423025712921572,-4.397736345813179,19.024293896379685
-0.19037890315561817,2.2740700268979537,12.431776617489273
-0.2516036264244895,0.3876624732282854,14.536823404246883
-0.20690971782977352,1.9443455566200911,13.058264060294817
-0.3922830225771644,-3.4010597201165242,18.717089021439232
-0.31142748838581813,-1.9538069616738154,16.59382862968789
-0.5251328601876625,-7.1338527483798515,23.167135547560882
-0.2742057019644351,-2.0091695366980846,16.338641226754834
-0.13522699006864106,3.2450140556879044,11.778008444001832
-0.1798844244058015,0.9515513828463087,13.914054895365298
-10.19367555175917,-173.1465725191185,297.70529623194267
-0.1562952020909991,2.149990544365369,13.027526661627345
-0.19237192171634848,0.3727687904271149,14.565751492163281
-0.40643230558893734,-6.182966970204809,22.1332265084782
-0.13464239331823105,2.2293891412882445,12.740974637053247
-0.2665431063704675,-1.8651639670632592,17.816138615691163
-0.1608373349814939,1.0072084452188255,13.982049007161066
-0.10720140557534763,3.718131900160176,11.89462448805496
-0.15555594326279756,0.6861740995582806,14.13779285419323
-0.2411919679529163,-2.1802629200209998,16.94223701998802
-0.6702777966777423,-13.355068255327659,31.510546432922855
-0.3363452211321362,-5.1053076014707335,20.786869355503338
-0.22224424316997868,-2.0553900038295083,16.931029483827928
-0.14611466681358654,0.26232558720315374,14.361316221102314
-0.14611466681358654,0.26232558720315374,14.361316221102314
-0.10525918049880947,2.141133785941519,12.812517005888722
-0.18476470244863463,-1.4966269065020543,16.317150859534625
-0.18476470244863463,-1.4966269065020543,16.317150859534625
0.5136186639922937,0.3467854621883979,7.987420295324879
-0.4178487696034402,-8.027879209475593,25.14881802465205
-0.21953298883564104,-2.6945435852682658,17.656439226849592
-0.16622628016781407,-0.5924858797968612,16.010357133408537
-0.057366539686160165,3.713371136106232,11.763211734594185
-0.10965657735067982,0.5420148031970997,14.431903045471916
-0.3156940453289194,-5.878036022339898,22.92408049905299
-0.06563247455289468,1.913887374257488,12.639756632195636
-0.03722547190556139,6.590485611843403,12.715739828542757
-0.39610628904989553,-8.936635841594144,26.78333711174429
-0.07734643429769912,7.110714760717059,15.09339779049405
-0.07356582327267555,1.869150882635013,13.117073764927328
-0.052666173019206494,3.302447980157871,12.133078569163922
-0.1036251381984258,-0.3669156133159113,15.289626255672102
-0.4823625547961261,-11.793461243914287,30.473977093663084
-0.09509630452636601,0.3699508987556001,14.794286382101397
-0.31042948589648955,-7.105134801305933,23.23521025807461
-0.05116638733749238,2.2886041624317253,12.668637697784074
-0.09836623151972833,-0.6718628077942485,15.519266797296615
-0.4722872647312556,-12.446574636764462,31.657026288228383
-0.12062693762601495,-1.5958857164186002,16.64328886918086
-0.025336104659175712,2.1006162171068183,12.495873084336726
-0.29423592864247794,-8.211528161016448,25.813622974018298
-0.052722035998944455,0.9246865736925762,14.190308619502686
-0.1307852119783033,-3.4784079075750616,18.153908772314836
0.0016936325296765438,7.4806834797711765,13.387845648047902
-0.019660836665138175,1.7774837774090892,12.951823794880791
-0.019054687827408663,2.0242084161720073,13.150266273537095
-0.13535111994495402,-4.607923554325198,20.30991868756613
0.018361356408805374,3.6007195869180872,11.700767794847176
-0.19675460816033635,-7.030526327386949,23.515753094372478
0.04382797029233902,6.344488599128328,12.639700725542925
0.006322537972243654,1.6798200737312257,13.14375431284095
0.0129861804067419,2.078465619403907,12.68379483448405
-0.17159454326492524,-7.348339990612129,23.87399666083657
0.027403804004694082,2.4409984219531795,12.371323231574324
-0.09391307379500659,-4.627523386275073,22.02033504575996
0.004020858312652644,0.6840379577613823,14.434463013751571
-0.008773046872198917,-0.28398910505570985,15.085720287830569
-0.2024979909087637,-9.395418872956082,28.567856987166344
0.03469296867887055,2.0123158520307594,12.988243676170763
0.038882258184311576,1.905076111126675,13.043099470538708
0.006136293641579675,-0.4471836290794432,15.859005598551256
-0.07249065317690903,-5.294224737781877,21.88804910869847
-0.07249065317690903,-5.294224737781877,21.88804910869847
0.05133719450605055,1.9066753197949038,12.689880365429373
0.0565937977139333,2.415625376117597,12.276110640184385
-0.06551720479298315,-6.451488323872059,23.279202034554068
-0.06551720479298315,-6.451488323872059,23.279202034554068
0.0639810427823056,1.6765843981363937,12.858353917534757
-0.026994413644960635,-4.707131140619558,22.072452444573457
0.014313480931264519,-1.9519249166230803,17.34402528949669
0.014313480931264519,-1.9519249166230803,17.34402528949669
-0.14986419367689727,-9.82804297349721,29.515430948350954
0.050228970554390295,0.7865044546712737,15.756679438296896
0.07353176021349281,1.5998022478437626,13.169362324457566
-0.1696840681037142,-10.15383339336816,30.397136816000263
-0.3700836626064669,-20.79771676398903,50.11663779242567
0.02006182099464476,-3.6256643533776174,19.347459852179192
3.7991028993684464,17.334816181258212,-90.16136129700818
0.0274709393815987,-2.747849515701633,18.448172595670034
-0.033590546353122905,-8.240735085591831,26.21374150967438
0.0779178669141889,0.2553352588331541,14.92452367106024
-0.10730161201845817,-12.534339780603005,32.40488909765396
0.10900761437168038,3.3781839236783244,12.050945027093013
0.1081180296791363,3.1595071002482107,12.033235795826
0.08268363169435503,4.449087859109832,17.408605263981208
0.09713597227412693,1.4776239242646902,13.502768003414973
-0.028824015439196337,8.722229434725447,38.072754751803814
0.06289747406798023,-4.035422474197863,20.625855217663975
0.06289747406798023,-4.035422474197863,20.625855217663975
0.12614514505645358,3.3854648198885164,11.72501189146235
0.12614514505645358,3.3854648198885164,11.72501189146235
0.11698553340995482,0.6697173262077776,14.145590858679446
0.14197305510319147,3.0623591092129083,9.155285408231498
0.1265257934026278,3.586975618228854,12.140938411778498
0.04250292095836745,-5.131630482206068,21.875213929540582
0.04250292095836745,-5.131630482206068,21.875213929540582
-0.017615499320764956,-13.534677371638164,34.13225460920293
0.08859972840045831,-3.039635587196439,18.1841838382488
0.11493827334449151,-0.48112044279496796,16.142494327578227
0.08753902466710412,-5.7897344383176375,23.053265413061094
0.1254510613743736,-0.9709042344839794,15.900594254961774
-1.3765776453804207e-06,-13.167906548602218,34.32794278688429
-0.003924711607959241,-13.389173317501692,34.531942168942
0.15021388649353745,1.7134479291770817,13.152702724871148
0.1569119032897266,2.0731546389863436,12.744657183754303
0.15376213456733928,1.731023943571697,13.025428401672826
0.15563773791777588,1.714119059148108,13.210668948440794
0.10657177914841945,-6.981583620903171,24.55662236048252
0.15157898600719147,1.6122080527516678,13.338269553184976
0.16670200521699427,2.0321734739359747,12.866520351389905
0.1472154915318136,-4.1105841918645485,20.681189833699836
0.1687087172197644,1.8052407424973096,12.732656511418721
0.1536901887789078,-1.7424370751201022,17.688039336591654
0.1536901887789078,-1.7424370751201022,17.688039336591654
0.11806733696268219,-8.34134997581083,27.12053342122639
0.15905045200824697,-2.1634602250883024,17.746665779544742
0.14891658171248054,-5.29272563945588,22.320034055757215
0.18183197517793817,-4.907686259704265,22.68624710957942
0.18796591112022704,-4.893312645487935,23.178715479158477
0.16860965823735327,-2.7178912212733444,17.510193175728133
0.17355804614943723,-5.144936611116231,22.282692626513114
0.196264554036472,1.6602913374684316,13.225004226352018
0.196264554036472,1.6602913374684316,13.225004226352018
0.1897044060431652,-0.7117468967537314,15.655171706624499
0.1897044060431652,-0.7117468967537314,15.655171706624499
0.19312852536643457,1.5756634702186996,10.300128544316896
0.18316552319177465,-2.9682010150510982,18.21029103554602
0.2086501768841104,1.8645109854376143,12.463627750685381
0.25612156922616164,5.939655491885655,13.773090891341969
0.22398936087462615,-0.9739444224357307,15.943836382979246
0.22398936087462615,-0.9739444224357307,15.943836382979246
0.2519699640599904,-10.889152389922069,30.266913649372043
0.22414648802275858,1.7920527938504216,12.931173741862652
0.23138605686522135,-3.53995147008263,19.376607071580352
0.24732870722472788,-5.420482380227933,22.862597766451092
0.24732870722472788,-5.420482380227933,22.862597766451092
0.2630187526354927,-5.4101839664531335,23.869534750945615
0.24543101542247633,-0.7878883042848354,15.709131971649741
0.24503387352968695,0.3456337057674824,15.195058857984732
0.26705953416678346,-2.302827597565382,15.781749897451324
0.2599210095399676,-1.0341974551977497,15.722586308570191
0.2599210095399676,-1.0341974551977497,15.722586308570191
0.26171131222393557,1.9439763312496139,12.779054788031772
0.2614894171460564,1.9035694146674214,12.776323997505925
0.2614894171460564,1.9035694146674214,12.776323997505925
0.31932802270577243,-5.948684365563377,24.194784988079583
0.31932802270577243,-5.948684365563377,24.194784988079583
0.31692157389283415,-5.580618474562854,22.936404424726792
0.9369547453889504,1.1842899781429834,-3.645872011339446
0.29090753059444824,-6.532829241525181,24.076651381668903
0.3713142332078321,-5.549573583054805,24.488463176472827
0.2888974191184002,0.8395636356926813,14.565819110534601
0.3392844625274449,-6.540053154734203,24.43462310570466
0.2734522635701219,1.3278732601071346,6.240952565257383
0.3149756725891059,-1.338167371791337,16.54827733728034
0.29463500789127084,1.4058654000382376,13.442008812448067
0.3273219650320808,-3.172778342428584,18.985549700532093
0.24589922236754866,0.0752330135744205,-4.33044631505466
0.2959252005878783,3.3132065925137097,11.784371697617287
0.3500438994985778,-2.1371625322927503,18.15007172004392
0.34770384063141246,-0.4152345394230428,15.520112927042662
0.38095763257971454,5.673055372687631,14.699121431752488
0.35167880808663676,0.6571708093131609,14.237145224778038
0.3470763188292671,1.6523665601391575,13.286689276081685
0.3813296734774875,-1.4245646457522232,16.854714888481368
0.4165596687160393,-2.054020398097089,18.167042954144932
0.5160287362333587,-7.5480391938408005,26.80827010424529
0.377988125358747,1.3519130171176492,13.472157122608907
0.6067309369293612,-9.698898065579243,30.628141258075416
0.3803279300127114,0.8711975501158955,13.642522297051226
0.3673260289001883,1.5147578643712547,13.237244801502525
0.3849006973722665,1.6014426414750356,13.685541092840523
0.4256461821344691,-0.5289810875708949,16.01176791130255
0.5011532761791201,-2.3768407849212423,19.67218972008475
0.5011532761791201,-2.3768407849212423,19.67218972008475
0.4102302832199159,0.7334067473238284,14.436442879191432
0.40634099863965856,1.24748299315494,13.333279015995785
0.6324696810506905,-8.557692820653559,28.611332209222805
0.5480024346490503,-4.414662921783455,22.22176305497891
0.452279604730179,-1.3603848042789948,16.603914172529358
0.45700598993961095,-0.8753088283662478,15.79428608161145
0.45700598993961095,-0.8753088283662478,15.79428608161145
0.4852473196550147,-1.6271460412436818,17.826588150509494
0.39890613144976594,1.4556675554834708,12.664785468038598
0.6348651076830373,-3.179784916552314,21.90771445160063
0.4219822815099764,1.95295631839938,12.71972476148327
0.42626070228263724,1.8690671379830672,13.015565778892217
0.4467170872476758,1.1559130248416492,13.487713606557755
0.4438082833221517,1.5628442499533977,13.182394840348676
0.48959512741107264,-0.9147487189353756,16.050724155914775
0.815715029283353,-10.016994822777663,32.384209582785566
0.7900280690011449,-9.483409886577219,31.284535477576643
0.6710309947212981,-2.8996917139810665,21.937112237636512
0.6036419087867647,-2.3404647258511493,19.708724696763355
0.492697797230125,6.594722652915166,13.029186418506784
0.5370714287599485,-1.7492987726091835,16.943483269889715
0.4870549291250825,0.9721313258850766,14.306087459538439
0.5235227925094699,-0.8319294675278152,16.06108973642825
0.46588728203510843,1.7198631436982803,13.019899618240043
0.4482204509776726,3.279723395736921,11.987934190680885
2.1562455539176404,-38.875437895046865,100.88070136822886
0.7997625195021999,-7.386013439794392,27.19265665481437
0.7997625195021999,-7.386013439794392,27.19265665481437
0.46566203792547184,3.2402397312138236,12.243609862066315
0.5843478958957551,8.530988518025568,14.623618923791069
0.7438016251138821,-6.101738473638295,25.249462419358473
0.49335914421043553,1.7757539438132828,13.034079270628578
0.8674920911802555,-5.641754867981444,27.148518182017312
0.5307588451297134,0.7800791769664405,14.485182433564082
0.5311757937216857,0.8405993658698535,14.488312115569249
0.5118276508261173,1.4245726367541927,13.575322746140301
0.7258825574937183,-0.732279720770414,6.085341614750319
0.5447336583523251,0.537445910218555,14.66242423763589
0.5518358745024023,0.5895457535818045,14.444775167019777
0.5328085950152872,1.4611979848853927,13.394041999727062
0.9358544117317431,-8.374612596408074,28.96178956054519
0.5092118670957518,3.0661246410200906,11.98858178012594
1.2787710910900243,8.083760958215862,40.948871237413314
0.581017689856392,0.6049513267972781,14.279035739983847
0.581017689856392,0.6049513267972781,14.279035739983847
0.7464254860861349,-2.280312373168869,9.917354894646058
1.0163666531382431,-8.182896938704397,29.187847587975686
1.0163666531382431,-8.182896938704397,29.187847587975686
0.6044094681249518,0.5235820148149896,14.500417606754212
0.5745191770788108,1.7238230276309348,13.059914977215879
0.8593885765977963,-4.308777895729304,22.215011410980566
0.8135469220846366,-2.326397279006962,10.563764075178263
0.6075705461246557,1.3872299897436717,13.228656887910901
0.6500005071652579,0.5540814530199655,14.518215233518939
0.6173947341128829,1.5623215261767178,13.431755364238219
0.6515086272298368,2.978655355918476,14.547582086663779
0.6228305601045185,1.5823923883595796,13.248424415400718
0.7596849583063373,8.808556998111085,15.070046771225178
0.80281342338615,-1.8860392134487258,18.644937591851637
0.9520650227148283,-4.266189022105595,22.233946629029322
0.6323549153437601,2.001095150850077,13.23433394882551
0.6771241793528933,1.136333306829602,13.966517654376933
0.6491065064165236,1.4021834548663026,13.244038113405662
0.6491065064165236,1.4021834548663026,13.244038113405662
0.6599046568710962,1.620148155279009,13.451225245191482
0.6164341245477942,2.996765278769536,12.172269516908145
0.6381747573250571,3.1304658237604706,12.3513611325874
0.7308087458242541,0.6807271265471821,14.336194726305882
1.0185905616184041,9.06681858101976,18.079852048885325
1.475589620694966,-9.209892972679908,32.446743394963455
0.7372855063988176,2.0203134592165055,13.323925914244157
1.3043234629881406,-3.4758635465309213,24.6697024896605
0.6965229675760936,2.9635560992712846,12.042192500300178
0.8357147611044273,-0.022149583431455525,15.24023678139679
1.2447480428781996,-4.654926690151188,23.882174528366864
0.05388635535199856,9.223771407264044,-14.241774027167072
0.7577837244857977,1.4659220164397595,13.144951736644025
1.0467720662315199,-1.8253880192203806,18.71422473706291
0.7591392148801006,1.119364022054711,12.341656669067751
0.8606221619669101,0.2815904159338293,14.576038661477112
0.7865177164588049,1.6008107329446888,12.855327486162274
0.8420751583662881,6.678248853204021,13.158807852892377
0.8325474451363656,0.959119996492148,13.842764764341863
0.5799286505589664,-1.0150202659584164,1.651492402306418
1.0988895067104874,-1.9907660806862184,19.478576460998735
1.0988895067104874,-1.9907660806862184,19.478576460998735
-0.13850402421952368,-2.102725553396676,-2.983677028339269
0.8188038174436053,0.438342894593209,13.129152237314049
0.873866175154867,6.631342156895053,13.081526292025268
0.83613652586371,1.492836988693714,13.272297390031445
0.8351215693934793,2.1345457948499447,13.053106048540087
0.8044188894621248,0.21391024317389895,1.2388666146546243
0.8326589557436178,1.617109397344177,12.830378985178323
0.8471143116389127,1.955671963697585,13.039885731233129
0.8471143116389127,1.955671963697585,13.039885731233129
1.684911359045132,3.1323073149232794,19.49995653258653
1.1468856975837427,-1.4976976614109194,18.74335873431859
1.179028206515895,-1.6371925445923274,19.121632877962313
0.8297552135932289,2.8515272139773935,12.384062280679084
0.8275079574748374,2.8984190632500875,12.28103827891941
0.9729651463305165,0.21928016452243726,15.033375521307374
0.8897112963657259,1.2575154909306343,13.274170990256538
1.1267674655257025,6.977642573303501,16.04876791871442
0.8851703877088782,1.4833591573208735,12.834544935528319
0.6173111031237267,0.15082094025399365,-16.4608722607295
0.8901225815075243,1.5877603173590558,12.9791358806055
0.8963355317901793,1.3943957656241537,13.003055516027947
1.5746965953081677,-3.878480548343588,23.17759050330082
0.9385047735742587,0.7770729182844615,13.827427606792579
0.9519968694854224,0.7445896980250003,14.029652990273897
1.5944261389795,-4.69847292775834,24.24261161879912
0.940833985784497,0.93706858374732,13.644062059342145
0.8803775718386379,2.721979924250759,12.385443701374284
0.9005046948211499,1.2421740407760582,18.63896807176066
1.0526729028526902,0.12934850535933762,15.534250998940097
0.915219226729937,2.2030043303504834,12.785006110718655
0.8827408823458825,2.93051568825026,11.996114644529431
0.9398710318758683,1.1827485705002223,13.139283010739492
1.1056161058691751,0.39449905033113875,15.817646540247127
0.8921407115216864,2.773659097732092,12.131353774189602
1.8545591714095788,-5.904418814058417,28.14395214704544
0.9570924411671545,1.079016935473559,13.468808739421542
0.9570924411671545,1.079016935473559,13.468808739421542
0.9376473314990594,1.4363113579629798,13.019011236378232
1.7272195986257382,-4.205646214307344,25.604577991354773
0.9531251411373077,2.1260216113170114,13.135527955998317
0.9531251411373077,2.1260216113170114,13.135527955998317
0.9572775338186504,1.5560647962416114,13.17496762036824
1.170718527904408,-2.135536863907085,11.25774398915371
0.9545822569401512,1.2795122903697294,13.151387575569144
1.024586574261565,0.6073821654789211,14.247321182149188
0.9555201034137442,1.3761789930167219,13.159507038488648
0.9403746426697313,1.6199828029798902,12.863301733698648
0.9843092043095277,0.994717506561553,13.661514392065548
3.930084813453589,-20.036575330162712,61.22910353300407
1.0002853050913523,7.929161901614361,13.161507499611227
1.0694507992355342,0.5110723242093131,14.464739143922213
0.9652214590230433,2.270953712017704,12.684282040187192
1.0061603160009205,0.9057511236985633,13.502975981448065
0.08427507021702584,2.4382162089562858,-12.277203701972182
1.3581185613060847,-1.2653524149760438,18.46100239362861
1.3414805293266034,-1.3072774158242022,18.113166687334388
0.967510077851692,2.734609134864947,12.302617642391922
0.0632796021963746,2.487524312107422,-13.009556536100687
0.9968211202332906,2.6835715881383444,12.577060970827606
1.678000343679786,-2.793747147075149,22.733322969024787
1.0257651979407132,1.4884364583242267,13.190171519041192
1.077195067432051,1.3481107011171582,14.335737501998567
0.9770527581340602,2.795476220047712,12.204655640905276
1.0372222883756703,1.2148048908262326,13.35188805345952
1.0330533320201747,1.9075475067375387,12.958897326920178
1.0330533320201747,1.9075475067375387,12.958897326920178
-0.5433591241579707,1.0708352068214222,-12.462822041278729
2.118409004202695,-5.738858355969644,28.92984417318003
1.0413668976191934,1.6553980756535742,13.209424757948055
1.7468411092459062,5.489593566033475,24.140118210089913
0.46206791048663354,0.9713386343521162,3.459542424598593
1.2304018939657027,0.4090163535012675,15.174644529762167
1.10170646690659,1.1978777690598423,13.401824798657684
1.7652219449617161,-2.2274237141379425,22.143508128063917
1.0774004295285733,1.7007317380895506,13.084862453108109
1.2671817525751543,0.47989277404608444,15.430357649595699
1.2671817525751543,0.47989277404608444,15.430357649595699
1.9289699591950573,-3.12789092932708,24.42945665987059
0.5064230380098522,0.9021844642779937,-8.397625380209423
1.2003428196717478,1.1475834631689716,14.45092884428172
1.1806939675954318,0.8461078771921321,13.932202559969246
1.1117711001990545,1.663108241638587,12.953471700771054
1.094977595242155,2.5095498039671664,12.467479515132611
0.3434214921597855,0.7624690407753456,-5.988011250025901
1.2082701576494919,0.9492823666364356,13.752905221142633
1.1562575898258778,1.9523134384270502,12.997999873769718
3.2962065179774616,-10.57124369905981,40.30656507408328
1.5590023536032271,-1.3256594612838353,17.840256447464984
1.5590023536032271,-1.3256594612838353,17.840256447464984
1.13432656368449,2.623523547844461,12.334687853963063
1.1952468246592693,2.146727676188848,13.072518544266506
1.198182539665086,2.0224113108480775,13.017418230864262
1.553276977470055,7.285045997467396,16.464899451242722
1.553276977470055,7.285045997467396,16.464899451242722
1.226942693823114,1.796723760424228,13.460776434562403
1.2827347328355498,1.5259967407925363,13.86647559960986
3.7067771636808526,-11.581602899245418,43.65439013866666
3.7097182605246863,-11.777425810424596,43.71180222968735
1.6280741542654822,-1.1629471718581923,18.190050054661324
2.3452560738805674,-4.119082839385165,26.497289241129806
1.2449572543064849,1.9959274369409012,12.893484258630382
1.2449572543064849,1.9959274369409012,12.893484258630382
3.5285189571706628,-9.370846040396254,39.9859092261054
1.6020830699074093,-0.42590991106257625,16.991843530566605
1.3205880717121596,-0.3155075340121435,12.060712242111192
1.3594649511578496,1.4458085470932494,14.075587336277183
1.6920711414135061,-1.1251424068861222,17.880576425416965
2.1978747045499856,7.99571173725626,21.78938951822174
1.3483332790933145,1.690670733673282,13.745798623667064
0.995564714021492,-0.08561034398217529,7.2855897415148725
1.276317081857073,2.2851403449333643,12.93851678296287
3.4033502832657767,3.0331808033923515,23.42222749251194
3.626252689984816,-9.961247346941557,39.4651112483063
1.3120632825104066,2.0395105102028306,13.225436382770063
-0.2945988625608408,2.8330917020138284,-21.801480615517804
2.589681625365546,-3.5857061400959935,27.135098404053565
3.6876517754838787,-8.766386258484543,39.86904005638208
1.4155507215103873,1.2393655554055159,14.06374802846463
1.8048457161980977,-1.274972270625514,18.57632895230362
0.560802626893006,0.2555621201961006,-3.2493618420779624
3.3443782952861447,-7.379895952283225,34.86911079813329
3.928652579392253,-10.098662034094332,41.63137580329829
4.051089474477801,-10.934947665337218,42.635960335348145
1.42742165145923,1.4406376968595322,13.892679740657833
1.6961698767000208,0.07504409063181855,16.78573548756753
1.6961698767000208,0.07504409063181855,16.78573548756753
1.3607204900184038,2.1653737241867184,13.11649062841295
1.8556999878576466,4.718114922298056,17.42838180077755
1.4254390901221852,1.694749787120447,13.729278711321998
1.4254390901221852,1.694749787120447,13.729278711321998
1.3971080368973992,1.8002731565280443,13.397028117188636
2.3788157239733523,-2.717813037493693,24.032862412983505
1.4745980237886156,1.4276916531795165,14.272766977848343
1.5264631911777409,1.23520648773918,14.719697295723776
1.518529096442285,1.2166307387792392,14.498916787257873
1.4950325472479842,1.305406042728017,14.151931654260194
1.3704252962266696,2.2053055346326893,12.951458749781859
1.7756841243510486,-0.45298157331791733,17.32517257470781
1.7756841243510486,-0.45298157331791733,17.32517257470781
3.7229319486683785,-8.506495828359714,37.88695752681057
3.5915614776216995,-7.9022327064356,36.5366793870218
3.5915614776216995,-7.9022327064356,36.5366793870218
1.4247068762144777,2.112834459318677,13.263280011468513
1.4247068762144777,2.112834459318677,13.263280011468513
1.4987838960848536,1.62921644555619,13.967902415336301
4.017540436621243,-9.148775870368675,39.92395754321276
1.4222553566063103,2.0414899009395553,12.941899859787107
2.57888326772051,-2.692552156745691,24.48800330534887
1.3652378027977703,1.813311710582059,11.878481340186235
1.4605168815331298,1.9999263815263497,13.294133855560517
1.8001948089141597,0.18489989750186933,16.555238720866523
1.8020590341262492,0.28819357200163204,16.56995750302605
3.650303383647347,-7.079641998330631,35.257410302484246
3.650303383647347,-7.079641998330631,35.257410302484246
1.5025106057168252,1.7989794261668095,13.606869925234951
1.5678552986648344,1.4933667765096394,14.131831890216557
1.4303761150247867,2.5823566272662406,12.722790472474507
1.6603940517631544,1.2554355343116803,14.975285667051665
1.6494607012259719,1.1897718747337085,14.740246756458237
1.6579989390286989,-2.3686762180815033,11.485755156172898
3.859632380360821,-8.179531391459442,36.01815105241535
1.5159876657723412,1.9728502521943283,13.302680109492846
2.13771180015967,0.8192713155803841,18.93465289725243
1.5469591453047666,1.743735855201714,13.45724958276623
3.5430196443878543,-5.802643349842463,32.67751714044478
2.714237796042675,-2.294254536833454,24.56076809695576
3.8320713774069994,-6.822234423058655,35.24592287247656
1.602935891627111,1.928470937292926,13.530895282825828
1.7826059400385597,1.330191966257662,15.041767875176548
0.6110719407517825,0.9444135396483191,2.928820734678842
3.6050967103364937,-4.911261894460642,31.71437658233722
3.8808429457068194,-6.42131189682078,34.08129042568974
1.5894760026080643,2.419689900628098,13.070602467513842
1.597394625798475,2.127280220365839,13.02755265012795
4.263410597288694,-7.358758442407897,36.46728795006304
2.112909803832356,3.8945384240044207,16.789124824833998
3.06941881485985,-1.668557886227527,25.27629319409023
1.303555099432791,-1.1990856717593834,7.4424419960333195
3.7331188554956345,-5.051749022614986,30.485118764255223
3.5266986350673446,-4.228698265352009,28.639569669645937
4.138262088082233,-6.227340987527772,33.7022242886688
1.8816765339779202,8.285363233974032,14.164805236464131
4.078111886881502,-5.765599395522674,32.660144133863234
2.2649226169049266,9.038407871103727,16.736475428391778
4.041589620285062,-5.107690902622854,31.413319220288358
4.041589620285062,-5.107690902622854,31.413319220288358
3.8186757212875646,-4.3662774732799665,29.67459462489936
2.3740100027766506,2.134007592428663,17.662560112629173
4.228175837592533,-5.493029997701938,32.3488225995747
3.691791821258354,-3.916295706915813,27.884807839848232
2.7125753725140296,0.19917947880270007,20.031975427338853
1.5703890314203854,-0.7984990403137856,9.19549208802196
3.970205554837687,-4.365532127750644,29.668647683736232
0.1050864088739535,0.21908626610831472,-3.602167417687271
2.821041040624955,2.779990083903057,20.101816425211194
-2.595460724920361,3.4581298854354894,-26.179683586587828
2.106570378274891,8.45144615069346,14.551537111643313
3.560778110397603,-2.9680122305673744,25.883446087572406
3.4698933908521035,0.9752943472860004,24.778830314080743
3.5219866385156866,0.8992717066645746,24.79245982161619
3.4499467515613524,-2.3760984719711127,24.59677321607235
3.3711186935697177,-2.252689217079641,23.83222481926083
3.2477281468983206,-1.2381277913408666,23.04715489744863
3.4053164089251675,-1.9047007221739476,24.09594030177854
3.2304131521573787,-1.1045027046029654,22.506623754705583
0.30547129533431,0.47055366940727567,-3.8843408856933896
3.790356266896888,-3.0454237348358273,26.558939142229285
-13.355498660516472,16.958683105800237,-119.95817043007436
2.6643469564541933,8.834305750456734,17.798585031468296
0.7918238337433564,0.09350346188590943,2.331448211947458
-0.14803252354563765,-1.7568889671834813,-4.407424467122308
3.154277968367333,14.138344298948317,20.560538359297038
2.984750608091335,7.93709436470981,19.06062952913217
3.952050695551079,5.899230502116132,26.480704872648097
3.6070108299275834,-2.2052388161437744,24.531930577340887
0.10310652463669685,2.1867121472346405,-3.68436188108427
3.815745416786122,-1.5600288131231939,26.24723102096981
2.4341682027063847,8.846572098400262,15.566738628129224
4.09724657706595,-3.400423319622622,27.785623017670613
3.8215021182498363,-2.8068679626811766,25.632949202460626
0.33830393339778947,-0.002525909485223438,1.1747589575447552
3.7071645877395234,-2.205225666428844,24.528132839641742
3.7071645877395234,-2.205225666428844,24.528132839641742
-2.568281147774505,13.812664983208602,-22.468359132266876
2.4117193980424223,8.456146749713906,15.345219135454398
0.7176309126906139,-1.469204233561728,2.2286807274649454
3.969959583593594,-0.5547172352354948,25.54523006097009
4.1127211366094585,5.279608911842836,25.618132236926005
0.24890405996441986,1.429447193008267,-2.729886370455182
3.8355131033123837,0.684413016406764,24.1256834740488
1.5495715479178704,-3.4282868170395555,7.360090515392755
3.687774910949821,4.092331754592622,22.625178960601108
3.2501649563234047,3.0456923521104966,19.90348462330062
-1.1507536291227054,7.983814897728125,-11.242425962564727
-1.8747390040812315,11.473193145997467,-16.064376700305484
3.3568323124502033,3.0429500557062448,20.302699173628167
3.6916352681072175,2.81013994903256,22.38864332570229
3.6916352681072175,2.81013994903256,22.38864332570229
4.140827743441109,0.1275761728259184,25.154496432581517
4.31153046528608,0.29108665196014577,25.870196899142154
2.5671661582895475,-10.214403681587331,13.693116161586026
3.964167170837613,2.8249936275219234,22.9043188908012
3.964167170837613,2.8249936275219234,22.9043188908012
4.139679196967173,2.7023440266445453,23.916872816566833
4.364337314247896,0.26942557374863757,25.17736587167303
4.25084331771147,1.1513232926017056,24.313706667051008
4.19541410972536,3.0972758381023575,23.54891681119041
3.8138604904215208,3.549668831978871,21.35738402008847
4.4262390550518065,1.074603489217585,24.878996387962438
2.1835450943717247,-4.213196373908471,10.280902655411248
4.515073514674735,0.9169381603488779,24.805163012941893
4.515073514674735,0.9169381603488779,24.805163012941893
4.399238036715802,2.8822909069550753,24.00009255504645
196.88881372889233,-455.0499047379797,1162.767296880863
4.409656111290036,3.114558605535504,23.6046631386886
4.150317139363886,3.721523507022985,21.99915437267662
4.558369077883199,4.310078552999177,24.232277811783412
4.0428784297069695,3.4036688933626427,21.35904735456276
4.589840418976858,2.6408049573630126,24.41841322844187
4.676552524888019,1.0456933357284213,24.854955946980386
4.588698622501154,1.2118259768291513,24.32252634283876
4.174303231650387,3.4308154799262156,21.818055040109268
4.025369617974168,3.665923593206018,20.723803937703735
4.726529930080464,1.1073109803351568,24.261049108488052
4.370934342036101,3.6467779009141177,21.912493463367632
4.752366851670584,1.4437268238452816,23.83408768864824
4.864918330172733,1.2852467272202601,24.33473545138452
5.014864203021218,1.809681227086751,23.98656215749144
4.758778844145177,3.8758772685735514,22.478463003788537
5.226520157609533,1.9850861313476076,24.640476353808477
4.6248892391260465,3.0615806392070346,20.4576250426286
-0.13446402640640157,0.3669515734752259,-4.210519437261736
5.6007369361628845,3.840529272509108,23.968593580872984
0.8252594084292026,-0.537692131733302,0.8923183161018527
6.210548649239059,4.098975558034729,25.206925677665282
6.930217481835466,4.201106033757641,26.376854030771373
0.4476252008821685,0.797393580398696,-1.4943338112701012
0.3247796084196851,0.6834780038148079,-1.2563605412401668
0.3247796084196851,0.6834780038148079,-1.2563605412401668
-0.5526320473569639,1.655702463925718,-4.522407846259387
0.15196909719904925,0.617483795976649,-1.2813633585751825
0.17223656752039743,0.18716916787025695,-0.47386929544842193
-6.637643475835851,-10.484498406659528,-17.661544436362636
-4.461215019063488,-6.831095964575925,-12.259352008661981
20.852264969467996,36.890059020583216,50.90138530481636
-0.19543033316248457,0.6478970276200575,-2.6814840144400645
1.5972733846710443,0.6912354815965304,2.455974843518823
13.070805631474792,2.654492619337428,30.690368313300045
13.502048910024278,-0.8666729723221388,31.695654325734544
1.4149940350375407,0.5712466432417732,1.9566890677507736
0.9676692146890078,0.014458044790332867,0.5688456971827711
0.8486712341798505,1.3980686500734638,2.660661469506054
9.57165940977454,11.451891393120366,22.0255108769875
0.15855885547388515,0.1658023171378189,-0.5926187740245251
0.8937113867797858,-0.08769772345950874,0.3455467257869972
-1.172139302133111,3.1744799122560714,-5.906798672988945
0.026311411701640006,0.7192172111923708,-1.5079596580744066
10.674715506542048,-3.5274926280054744,26.34424097981933
0.8267884602418799,-0.2591337146921795,0.4399179612968796
1.1325831229244463,0.232589888233871,1.1124852555948874
1.1047797291760784,0.3342127331549675,0.9980327983582231
1.2082669815096698,0.2832218318238562,1.3286674091567285
1.2082669815096698,0.2832218318238562,1.3286674091567285
0.6930095167852502,-0.23784483936495487,0.5893057696589703
1.269157995742262,1.6020613245330255,3.4915623662250823
5.046901081981004,7.5344350617076286,10.351046594934566
0.8755071577831355,-0.10425341873678819,0.20811688350188204
0.8618471916210706,-0.14058116481104346,0.2574589724927428
-0.22490288639256384,-0.10881579601484273,-1.5984474845363141
